0 5 10 15 20 25 30 35 40 45 50 55 60 65 70 75 80 85 90 95 100
0 0 0 0 0 0 0 0 0 0 0 0 0 0 0 0 0 0 0 0 100
0 0 0 0 0 0 0 0 0 0 0 0 0 0 0 0 0 0 0 0 100
0 0 0 0 0 0 0 0 0 0 0 0 0 0 0 0 0 0 0 0 100
0 0 0 0 0 0 0 0 0 0 0 0 0 0 0 0 0 0 0 0 100
0 0 0 0 0 0 0 0 0 0 0 0 0 0 0 0 0 0 0 0 100
0 0 0 0 0 0 0 0 0 0 0 0 0 0 0 0 0 0 0 0 100
0 0 0 0 0 0 0 0 0 0 0 0 0 0 0 0 0 0 0 0 100
0 5 10 15 20 25 30 35 40 45 50 55 60 65 70 75 80 85 90 95 100


0 20 40 60 80 100
0 0 0 0 0 100
0 0 0 0 0 100
0 20 40 60 80 100


0.0 10.0 20.0 30.0 40.0 50.0 60.0 70.0 80.0 90.0 100.0
0.0 0.0 0.0 0.0 0.0 0.0 0.0 0.0 0.0 0.0 100.0
0.0 0.0 0.0 0.0 0.0 0.0 0.0 0.0 0.0 0.0 100.0
0.0 0.0 0.0 0.0 0.0 0.0 0.0 0.0 0.0 0.0 100.0
0.0 0.0 0.0 0.0 0.0 0.0 0.0 0.0 0.0 0.0 100.0
0.0 0.0 0.0 0.0 0.0 0.0 0.0 0.0 0.0 0.0 100.0
0.0 0.0 0.0 0.0 0.0 0.0 0.0 0.0 0.0 0.0 100.0
0.0 0.0 0.0 0.0 0.0 0.0 0.0 0.0 0.0 0.0 100.0
0.0 10.0 20.0 30.0 40.0 50.0 60.0 70.0 80.0 90.0 100.0

0 10 20 30 40 50 60 70 80 90 100
0 0 0 0 0 0 0 0 0 0 100
0 0 0 0 0 0 0 0 0 0 100
0 0 0 0 0 0 0 0 0 0 100
0 0 0 0 0 0 0 0 0 0 100
0 0 0 0 0 0 0 0 0 0 100
0 0 0 0 0 0 0 0 0 0 100
0 0 0 0 0 0 0 0 0 0 100
0 10 20 30 40 50 60 70 80 90 100