
50 10x5:  0.000791 1
50 10x5:  0.000941 2
50 10x5:  0.004237 3
50 10x5:  0.155679 4
50 10x5:  0.315065 8
100 20x5:  0.006267 1
100 20x5:  0.014796 2
100 20x5:  0.003982 3
100 20x5:  0.005915 4
100 20x5:  0.291067 8
500 50x10:  0.776725 1
500 50x10:  0.558369 2
500 50x10:  0.404383 3
500 50x10:  0.318124 4
500 50x10:  0.624688 8
1000 50x20:  6.578485 1
1000 50x20:  4.739302 2
1000 50x20:  3.547674 3
1000 50x20:  3.320671 4
1000 50x20:  17.924516 8

50 10x5:  0.001080 4
50 10x5:  0.000795 1
50 10x5:  0.000796 1
50 10x5:  0.000878 2
50 10x5:  0.000893 2
50 10x5:  0.070537 3
50 10x5:  0.039629
50 10x5:  0.031584
50 10x5:  0.091462
50 10x5:  0.155643
50 10x5:  0.199087